array([[25011967.68234326, 77280805.72706151, 22827841.1734812 ,
         4150897.5814989 , 24206179.78106923, 27001247.96392434,
        10933768.11619641,  2433465.13182873,   842357.56547318,
         1527795.18106373,  1153287.14696005, 17443271.68285965,
        10800339.69024193, 39191278.32352705, 19738422.39741661,
         2446430.44027753],
       [18071061.71941345,  5406309.98972876,  9315147.39026428,
          597168.8488543 ,  1680635.44930093,  1338301.72012358,
        23326736.86609241, 23251971.99685443, 18238391.69986746,
        34879614.14123595,  4233672.16227148,  4859723.65390285,
         2864391.53355845, 34809276.41144377,  1404442.1385676 ,
         1467162.88753021],
       [20594923.9225476 ,  6651547.12383419, 25013193.22466563,
         4391592.64621308,  7075418.32454633, 10921764.29328727,
        40048180.36548126, 12252391.67551659,  9715442.73457474,
        53395977.05135257,  3117415.15754432,  2002773.6955718 ,
         6771747.81792838, 19342851.36056174,  9833817.07265245,
        36168416.71933769],
       [21497213.47685106,  2634387.60154026, 27647221.39796645,
         4225904.65950237, 28218510.8411418 ,  3912303.34946171,
        29354027.28517413, 21419903.86318223,  4919559.55760161,
        10840442.83738482,  8509551.80786359,  6633661.27019132,
        39305900.30824794, 19184410.03310127, 20415604.55022895,
        11250579.78071153]])